RELOADED|PARTS=10|COUNT=484|FORMAT_VERIFIED=484
T14|NC_1|10|1968504|22000000|0|4
T15|NC_2|10|1968504|22000000|-1000000|4
T16|NC_3|10|1968504|22000000|-2000000|4
U15|NC_4|10|1968504|22000000|-3000000|4
U16|NC_5|10|1968504|22000000|-4000000|4
V10|NC_6|10|1968504|22000000|-5000000|4
V13|NC_7|10|1968504|22000000|-6000000|4
V14|NC_8|10|1968504|22000000|-7000000|4
V15|NC_9|10|1968504|22000000|-8000000|4
W10|NC_10|10|1968504|22000000|-9000000|4
W11|NC_11|10|1968504|22000000|-10000000|4
W12|NC_12|10|1968504|22000000|-11000000|4
W14|NC_13|10|1968504|22000000|-12000000|4
W15|NC_14|10|1968504|22000000|-13000000|4
W16|NC_15|10|1968504|22000000|-14000000|4
Y11|NC_16|10|1968504|22000000|-15000000|4
Y12|NC_17|10|1968504|22000000|-16000000|4
Y13|NC_18|10|1968504|0|0|4
Y14|NC_19|10|1968504|0|-1000000|4
Y16|NC_20|10|1968504|0|-2000000|4
Y17|NC_21|10|1968504|0|-3000000|4
AA9|NC_22|10|1968504|0|-4000000|4
AA10|NC_23|10|1968504|0|-5000000|4
AA11|NC_24|10|1968504|0|-6000000|4
AA13|NC_25|10|1968504|0|-7000000|4
AA14|NC_26|10|1968504|0|-8000000|4
AA15|NC_27|10|1968504|0|-9000000|4
AA16|NC_28|10|1968504|0|-10000000|4
AB10|NC_29|10|1968504|0|-11000000|4
AB11|NC_30|10|1968504|0|-12000000|4
AB12|NC_31|10|1968504|0|-13000000|4
AB13|NC_32|10|1968504|0|-14000000|4
AB15|NC_33|10|1968504|0|-15000000|4
AB16|NC_34|10|1968504|0|-16000000|4
AB17|NC_35|10|1968504|0|-17000000|4
A17|VCCO_16_1|9|1968504|22000000|-23000000|4
B14|VCCO_16_2|9|1968504|22000000|-24000000|4
C1|VCCO_35_1|9|1968504|0|-37000000|4
C21|VCCO_16_3|9|1968504|22000000|-25000000|4
D18|VCCO_16_4|9|1968504|22000000|-26000000|4
E15|VCCO_16_5|9|1968504|22000000|-27000000|4
F2|VCCO_35_2|9|1968504|0|-36000000|4
F12|VCCO_0_1|9|1968504|0|-28000000|4
F22|VCCO_16_6|9|1968504|22000000|-28000000|4
G19|VCCO_15_1|9|1968504|22000000|-15000000|4
H6|VCCO_35_3|9|1968504|0|-35000000|4
H8|VCCINT_1|9|1968504|0|0|4
H10|VCCINT_2|9|1968504|0|-1000000|4
H12|VCCAUX_1|9|1968504|0|-16000000|4
H16|VCCO_15_2|9|1968504|22000000|-16000000|4
J3|VCCO_35_4|9|1968504|0|-34000000|4
J7|VCCINT_3|9|1968504|0|-2000000|4
J9|VCCINT_4|9|1968504|0|-3000000|4
J11|VCCBRAM_1|9|1968504|0|-25000000|4
J13|VCCO_15_3|9|1968504|22000000|-17000000|4
K8|VCCINT_5|9|1968504|0|-4000000|4
K12|VCCAUX_2|9|1968504|0|-17000000|4
K20|VCCO_15_4|9|1968504|22000000|-18000000|4
L7|VCCINT_6|9|1968504|0|-5000000|4
L11|VCCBRAM_2|9|1968504|0|-24000000|4
L17|VCCO_15_5|9|1968504|22000000|-19000000|4
M4|VCCO_35_5|9|1968504|0|-33000000|4
M8|VCCINT_7|9|1968504|0|-6000000|4
M12|VCCAUX_3|9|1968504|0|-18000000|4
M14|VCCO_14_1|9|1968504|22000000|-7000000|4
N1|VCCO_35_6|9|1968504|0|-32000000|4
N7|VCCINT_8|9|1968504|0|-7000000|4
N11|VCCBRAM_3|9|1968504|0|-23000000|4
N21|VCCO_15_6|9|1968504|22000000|-20000000|4
P8|VCCINT_9|9|1968504|0|-8000000|4
P10|VCCINT_10|9|1968504|0|-9000000|4
P12|VCCAUX_4|9|1968504|0|-19000000|4
P18|VCCO_14_2|9|1968504|22000000|-8000000|4
R5|VCCO_34_1|9|1968504|22000000|-33000000|4
R7|VCCINT_11|9|1968504|0|-10000000|4
R9|VCCINT_12|9|1968504|0|-11000000|4
R11|VCCAUX_5|9|1968504|0|-20000000|4
R15|VCCO_14_3|9|1968504|22000000|-9000000|4
T2|VCCO_34_2|9|1968504|22000000|-34000000|4
T8|VCCINT_13|9|1968504|0|-12000000|4
T10|VCCINT_14|9|1968504|0|-13000000|4
T12|VCCO_0_2|9|1968504|0|-29000000|4
T22|VCCO_14_4|9|1968504|22000000|-10000000|4
U19|VCCO_14_5|9|1968504|22000000|-11000000|4
V6|VCCO_34_3|9|1968504|22000000|-35000000|4
V16|VCCO_13_1|9|1968504|22000000|-2000000|4
W3|VCCO_34_4|9|1968504|22000000|-36000000|4
W13|VCCO_13_2|9|1968504|22000000|-3000000|4
Y10|VCCO_13_3|9|1968504|22000000|-4000000|4
Y20|VCCO_14_6|9|1968504|22000000|-12000000|4
AA7|VCCO_34_5|9|1968504|22000000|-31000000|4
AA17|VCCO_13_4|9|1968504|22000000|0|4
AB4|VCCO_34_6|9|1968504|22000000|-32000000|4
AB14|VCCO_13_5|9|1968504|22000000|-1000000|4
A2|GND_1|8|1968504|22000000|-1000000|4
A3|GND_2|8|1968504|22000000|-2000000|4
A5|GND_3|8|1968504|22000000|-3000000|4
A7|GND_4|8|1968504|22000000|-4000000|4
A9|GND_5|8|1968504|22000000|-5000000|4
A11|GND_6|8|1968504|22000000|-6000000|4
A12|GND_7|8|1968504|22000000|-7000000|4
A22|GND_8|8|1968504|22000000|-8000000|4
B3|GND_9|8|1968504|22000000|-14000000|4
B12|GND_10|8|1968504|22000000|-15000000|4
B19|GND_11|8|1968504|22000000|-16000000|4
C3|GND_12|8|1968504|22000000|-17000000|4
C6|GND_13|8|1968504|22000000|-18000000|4
C10|GND_14|8|1968504|22000000|-19000000|4
C12|GND_15|8|1968504|22000000|-20000000|4
C16|GND_16|8|1968504|22000000|-21000000|4
D3|GND_17|8|1968504|22000000|-22000000|4
D4|GND_18|8|1968504|22000000|-23000000|4
D8|GND_19|8|1968504|22000000|0|4
D12|GND_20|8|1968504|22000000|-24000000|4
D13|GND_21|8|1968504|22000000|-25000000|4
E4|GND_22|8|1968504|22000000|-26000000|4
E5|GND_23|8|1968504|22000000|-27000000|4
E7|GND_24|8|1968504|22000000|-28000000|4
E9|GND_25|8|1968504|22000000|-29000000|4
E11|GND_26|8|1968504|22000000|-30000000|4
E20|GND_27|8|1968504|22000000|-31000000|4
F5|GND_28|8|1968504|22000000|-32000000|4
F11|GND_29|8|1968504|22000000|-33000000|4
F17|GND_30|8|1968504|22000000|-34000000|4
G5|GND_31|8|1968504|22000000|-35000000|4
G6|GND_32|8|1968504|22000000|-36000000|4
G7|GND_33|8|1968504|22000000|-37000000|4
G8|GND_34|8|1968504|22000000|-38000000|4
G9|GND_35|8|1968504|22000000|-39000000|4
G10|GND_36|8|1968504|22000000|-40000000|4
G12|GND_37|8|1968504|22000000|-41000000|4
G14|GND_38|8|1968504|22000000|-42000000|4
H1|GND_39|8|1968504|22000000|-43000000|4
H7|GND_40|8|1968504|0|-42000000|4
H9|GND_41|8|1968504|0|-41000000|4
H11|GND_42|8|1968504|0|-40000000|4
H21|GND_43|8|1968504|0|-39000000|4
J8|GND_44|8|1968504|0|-38000000|4
J10|GND_45|8|1968504|0|-37000000|4
J12|GND_46|8|1968504|0|-36000000|4
J18|GND_47|8|1968504|0|-35000000|4
K5|GND_48|8|1968504|0|-34000000|4
K7|GND_49|8|1968504|0|-33000000|4
K11|GND_50|8|1968504|0|-32000000|4
K15|GND_51|8|1968504|0|-31000000|4
L2|GND_52|8|1968504|0|-30000000|4
L8|GND_53|8|1968504|0|-29000000|4
L22|GND_54|8|1968504|0|-28000000|4
M7|GND_55|8|1968504|0|-27000000|4
M11|GND_56|8|1968504|0|-26000000|4
M19|GND_57|8|1968504|0|-25000000|4
N6|GND_58|8|1968504|0|-24000000|4
N8|GND_59|8|1968504|0|-23000000|4
N16|GND_60|8|1968504|0|-22000000|4
P3|GND_61|8|1968504|0|-21000000|4
P7|GND_62|8|1968504|0|-20000000|4
P9|GND_63|8|1968504|0|-19000000|4
P11|GND_64|8|1968504|0|-18000000|4
P13|GND_65|8|1968504|0|-17000000|4
R8|GND_66|8|1968504|0|-16000000|4
R10|GND_67|8|1968504|0|-15000000|4
R12|GND_68|8|1968504|0|-14000000|4
R20|GND_69|8|1968504|0|-13000000|4
T7|GND_70|8|1968504|0|-12000000|4
T9|GND_71|8|1968504|0|-11000000|4
T11|GND_72|8|1968504|0|-10000000|4
T17|GND_73|8|1968504|0|-9000000|4
U4|GND_74|8|1968504|0|-8000000|4
U14|GND_75|8|1968504|0|-7000000|4
V1|GND_76|8|1968504|0|-6000000|4
V11|GND_77|8|1968504|0|-5000000|4
V21|GND_78|8|1968504|0|-4000000|4
W8|GND_79|8|1968504|0|-3000000|4
W18|GND_80|8|1968504|0|-2000000|4
Y5|GND_81|8|1968504|0|-1000000|4
Y15|GND_82|8|1968504|0|0|4
AA2|GND_83|8|1968504|22000000|-9000000|4
AA12|GND_84|8|1968504|22000000|-10000000|4
AA22|GND_85|8|1968504|22000000|-11000000|4
AB9|GND_86|8|1968504|22000000|-12000000|4
AB19|GND_87|8|1968504|22000000|-13000000|4
A4|MGTPTXN0_216|7|1968504|22000000|-4000000|4
A6|MGTPTXN2_216|7|1968504|22000000|-14000000|4
A8|MGTPRXN0_216|7|1968504|22000000|-6000000|4
A10|MGTPRXN2_216|7|1968504|22000000|-16000000|4
B4|MGTPTXP0_216|7|1968504|22000000|-3000000|4
B5|MGTAVTT_1|7|1968504|0|-16000000|4
B6|MGTPTXP2_216|7|1968504|22000000|-13000000|4
B7|MGTAVTT_2|7|1968504|0|-15000000|4
B8|MGTPRXP0_216|7|1968504|22000000|-5000000|4
B9|MGTAVTT_3|7|1968504|0|-14000000|4
B10|MGTPRXP2_216|7|1968504|22000000|-15000000|4
B11|MGTAVTT_4|7|1968504|0|-13000000|4
C4|MGTAVTT_5|7|1968504|0|-12000000|4
C5|MGTPTXN1_216|7|1968504|22000000|-9000000|4
C7|MGTPTXN3_216|7|1968504|22000000|-19000000|4
C8|MGTAVTT_6|7|1968504|0|-11000000|4
C9|MGTPRXN3_216|7|1968504|22000000|-21000000|4
C11|MGTPRXN1_216|7|1968504|22000000|-11000000|4
D5|MGTPTXP1_216|7|1968504|22000000|-8000000|4
D6|MGTAVCC_1|7|1968504|0|-6000000|4
D7|MGTPTXP3_216|7|1968504|22000000|-18000000|4
D9|MGTPRXP3_216|7|1968504|22000000|-20000000|4
D10|MGTAVCC_2|7|1968504|0|-5000000|4
D11|MGTPRXP1_216|7|1968504|22000000|-10000000|4
E6|MGTREFCLK0N_216|7|1968504|22000000|-1000000|4
E8|MGTAVCC_3|7|1968504|0|-2000000|4
E10|MGTREFCLK1N_216|7|1968504|22000000|-24000000|4
F6|MGTREFCLK0P_216|7|1968504|22000000|0|4
F7|MGTAVCC_4|7|1968504|0|-4000000|4
F8|MGTRREF_216|7|1968504|0|-21000000|4
F9|MGTAVCC_5|7|1968504|0|-3000000|4
F10|MGTREFCLK1P_216|7|1968504|22000000|-23000000|4
A1|IO_L1N_T0_AD4N_35|6|1968504|22000000|-2000000|4
B1|IO_L1P_T0_AD4P_35|6|1968504|22000000|-1000000|4
B2|IO_L2N_T0_AD12N_35|6|1968504|22000000|-4000000|4
C2|IO_L2P_T0_AD12P_35|6|1968504|22000000|-3000000|4
D1|IO_L3N_T0_DQS_AD5N_35|6|1968504|22000000|-6000000|4
D2|IO_L4N_T0_35|6|1968504|22000000|-8000000|4
E1|IO_L3P_T0_DQS_AD5P_35|6|1968504|22000000|-5000000|4
E2|IO_L4P_T0_35|6|1968504|22000000|-7000000|4
E3|IO_L6N_T0_VREF_35|6|1968504|22000000|-12000000|4
F1|IO_L5N_T0_AD13N_35|6|1968504|22000000|-10000000|4
F3|IO_L6P_T0_35|6|1968504|22000000|-11000000|4
F4|IO_0_35|6|1968504|22000000|0|4
G1|IO_L5P_T0_AD13P_35|6|1968504|22000000|-9000000|4
G2|IO_L8N_T1_AD14N_35|6|1968504|22000000|-16000000|4
G3|IO_L11N_T1_SRCC_35|6|1968504|22000000|-22000000|4
G4|IO_L12N_T1_MRCC_35|6|1968504|22000000|-24000000|4
H2|IO_L8P_T1_AD14P_35|6|1968504|22000000|-15000000|4
H3|IO_L11P_T1_SRCC_35|6|1968504|22000000|-21000000|4
H4|IO_L12P_T1_MRCC_35|6|1968504|22000000|-23000000|4
H5|IO_L10N_T1_AD15N_35|6|1968504|22000000|-20000000|4
J1|IO_L7N_T1_AD6N_35|6|1968504|22000000|-14000000|4
J2|IO_L9N_T1_DQS_AD7N_35|6|1968504|22000000|-18000000|4
J4|IO_L13N_T2_MRCC_35|6|1968504|22000000|-26000000|4
J5|IO_L10P_T1_AD15P_35|6|1968504|22000000|-19000000|4
J6|IO_L17N_T2_35|6|1968504|22000000|-34000000|4
K1|IO_L7P_T1_AD6P_35|6|1968504|22000000|-13000000|4
K2|IO_L9P_T1_DQS_AD7P_35|6|1968504|22000000|-17000000|4
K3|IO_L14N_T2_SRCC_35|6|1968504|22000000|-28000000|4
K4|IO_L13P_T2_MRCC_35|6|1968504|22000000|-25000000|4
K6|IO_L17P_T2_35|6|1968504|22000000|-33000000|4
L1|IO_L15N_T2_DQS_35|6|1968504|22000000|-30000000|4
L3|IO_L14P_T2_SRCC_35|6|1968504|22000000|-27000000|4
L4|IO_L18N_T2_35|6|1968504|22000000|-36000000|4
L5|IO_L18P_T2_35|6|1968504|22000000|-35000000|4
L6|IO_25_35|6|1968504|22000000|-49000000|4
M1|IO_L15P_T2_DQS_35|6|1968504|22000000|-29000000|4
M2|IO_L16N_T2_35|6|1968504|22000000|-32000000|4
M3|IO_L16P_T2_35|6|1968504|22000000|-31000000|4
M5|IO_L23N_T3_35|6|1968504|22000000|-46000000|4
M6|IO_L23P_T3_35|6|1968504|22000000|-45000000|4
N2|IO_L22N_T3_35|6|1968504|22000000|-44000000|4
N3|IO_L19N_T3_VREF_35|6|1968504|22000000|-38000000|4
N4|IO_L19P_T3_35|6|1968504|22000000|-37000000|4
N5|IO_L24N_T3_35|6|1968504|22000000|-48000000|4
P1|IO_L20N_T3_35|6|1968504|22000000|-40000000|4
P2|IO_L22P_T3_35|6|1968504|22000000|-43000000|4
P4|IO_L21N_T3_DQS_35|6|1968504|22000000|-42000000|4
P5|IO_L21P_T3_DQS_35|6|1968504|22000000|-41000000|4
P6|IO_L24P_T3_35|6|1968504|22000000|-47000000|4
R1|IO_L20P_T3_35|6|1968504|22000000|-39000000|4
R2|IO_L3N_T0_DQS_34|5|1968504|22000000|-6000000|4
R3|IO_L3P_T0_DQS_34|5|1968504|22000000|-5000000|4
R4|IO_L13P_T2_MRCC_34|5|1968504|22000000|-25000000|4
R6|IO_L17P_T2_34|5|1968504|22000000|-33000000|4
T1|IO_L1P_T0_34|5|1968504|22000000|-1000000|4
T3|IO_0_34|5|1968504|22000000|0|4
T4|IO_L13N_T2_MRCC_34|5|1968504|22000000|-26000000|4
T5|IO_L14P_T2_SRCC_34|5|1968504|22000000|-27000000|4
T6|IO_L17N_T2_34|5|1968504|22000000|-34000000|4
U1|IO_L1N_T0_34|5|1968504|22000000|-2000000|4
U2|IO_L2P_T0_34|5|1968504|22000000|-3000000|4
U3|IO_L6P_T0_34|5|1968504|22000000|-11000000|4
U5|IO_L14N_T2_SRCC_34|5|1968504|22000000|-28000000|4
U6|IO_L16P_T2_34|5|1968504|22000000|-31000000|4
U7|IO_25_34|5|1968504|22000000|-49000000|4
V2|IO_L2N_T0_34|5|1968504|22000000|-4000000|4
V3|IO_L6N_T0_VREF_34|5|1968504|22000000|-12000000|4
V4|IO_L12P_T1_MRCC_34|5|1968504|22000000|-23000000|4
V5|IO_L16N_T2_34|5|1968504|22000000|-32000000|4
V7|IO_L19P_T3_34|5|1968504|22000000|-37000000|4
V8|IO_L21N_T3_DQS_34|5|1968504|22000000|-42000000|4
V9|IO_L21P_T3_DQS_34|5|1968504|22000000|-41000000|4
W1|IO_L5P_T0_34|5|1968504|22000000|-9000000|4
W2|IO_L4P_T0_34|5|1968504|22000000|-7000000|4
W4|IO_L12N_T1_MRCC_34|5|1968504|22000000|-24000000|4
W5|IO_L15N_T2_DQS_34|5|1968504|22000000|-30000000|4
W6|IO_L15P_T2_DQS_34|5|1968504|22000000|-29000000|4
W7|IO_L19N_T3_VREF_34|5|1968504|22000000|-38000000|4
W9|IO_L24P_T3_34|5|1968504|22000000|-47000000|4
Y1|IO_L5N_T0_34|5|1968504|22000000|-10000000|4
Y2|IO_L4N_T0_34|5|1968504|22000000|-8000000|4
Y3|IO_L9P_T1_DQS_34|5|1968504|22000000|-17000000|4
Y4|IO_L11P_T1_SRCC_34|5|1968504|22000000|-21000000|4
Y6|IO_L18P_T2_34|5|1968504|22000000|-35000000|4
Y7|IO_L23N_T3_34|5|1968504|22000000|-46000000|4
Y8|IO_L23P_T3_34|5|1968504|22000000|-45000000|4
Y9|IO_L24N_T3_34|5|1968504|22000000|-48000000|4
AA1|IO_L7P_T1_34|5|1968504|22000000|-13000000|4
AA3|IO_L9N_T1_DQS_34|5|1968504|22000000|-18000000|4
AA4|IO_L11N_T1_SRCC_34|5|1968504|22000000|-22000000|4
AA5|IO_L10P_T1_34|5|1968504|22000000|-19000000|4
AA6|IO_L18N_T2_34|5|1968504|22000000|-36000000|4
AA8|IO_L22P_T3_34|5|1968504|22000000|-43000000|4
AB1|IO_L7N_T1_34|5|1968504|22000000|-14000000|4
AB2|IO_L8N_T1_34|5|1968504|22000000|-16000000|4
AB3|IO_L8P_T1_34|5|1968504|22000000|-15000000|4
AB5|IO_L10N_T1_34|5|1968504|22000000|-20000000|4
AB6|IO_L20N_T3_34|5|1968504|22000000|-40000000|4
AB7|IO_L20P_T3_34|5|1968504|22000000|-39000000|4
AB8|IO_L22N_T3_34|5|1968504|22000000|-44000000|4
A13|IO_L10P_T1_16|4|1968504|22000000|-19000000|4
A14|IO_L10N_T1_16|4|1968504|22000000|-20000000|4
A15|IO_L9P_T1_DQS_16|4|1968504|22000000|-17000000|4
A16|IO_L9N_T1_DQS_16|4|1968504|22000000|-18000000|4
A18|IO_L17P_T2_16|4|1968504|22000000|-33000000|4
A19|IO_L17N_T2_16|4|1968504|22000000|-34000000|4
A20|IO_L16N_T2_16|4|1968504|22000000|-32000000|4
A21|IO_L21N_T3_DQS_16|4|1968504|22000000|-42000000|4
B13|IO_L8N_T1_16|4|1968504|22000000|-16000000|4
B15|IO_L7P_T1_16|4|1968504|22000000|-13000000|4
B16|IO_L7N_T1_16|4|1968504|22000000|-14000000|4
B17|IO_L11P_T1_SRCC_16|4|1968504|22000000|-21000000|4
B18|IO_L11N_T1_SRCC_16|4|1968504|22000000|-22000000|4
B20|IO_L16P_T2_16|4|1968504|22000000|-31000000|4
B21|IO_L21P_T3_DQS_16|4|1968504|22000000|-41000000|4
B22|IO_L20N_T3_16|4|1968504|22000000|-40000000|4
C13|IO_L8P_T1_16|4|1968504|22000000|-15000000|4
C14|IO_L3P_T0_DQS_16|4|1968504|22000000|-5000000|4
C15|IO_L3N_T0_DQS_16|4|1968504|22000000|-6000000|4
C17|IO_L12N_T1_MRCC_16|4|1968504|22000000|-24000000|4
C18|IO_L13P_T2_MRCC_16|4|1968504|22000000|-25000000|4
C19|IO_L13N_T2_MRCC_16|4|1968504|22000000|-26000000|4
C20|IO_L19N_T3_VREF_16|4|1968504|22000000|-38000000|4
C22|IO_L20P_T3_16|4|1968504|22000000|-39000000|4
D14|IO_L6P_T0_16|4|1968504|22000000|-11000000|4
D15|IO_L6N_T0_VREF_16|4|1968504|22000000|-12000000|4
D16|IO_L5N_T0_16|4|1968504|22000000|-10000000|4
D17|IO_L12P_T1_MRCC_16|4|1968504|22000000|-23000000|4
D19|IO_L14N_T2_SRCC_16|4|1968504|22000000|-28000000|4
D20|IO_L19P_T3_16|4|1968504|22000000|-37000000|4
D21|IO_L23N_T3_16|4|1968504|22000000|-46000000|4
D22|IO_L22N_T3_16|4|1968504|22000000|-44000000|4
E13|IO_L4P_T0_16|4|1968504|22000000|-7000000|4
E14|IO_L4N_T0_16|4|1968504|22000000|-8000000|4
E16|IO_L5P_T0_16|4|1968504|22000000|-9000000|4
E17|IO_L2N_T0_16|4|1968504|22000000|-4000000|4
E18|IO_L15N_T2_DQS_16|4|1968504|22000000|-30000000|4
E19|IO_L14P_T2_SRCC_16|4|1968504|22000000|-27000000|4
E21|IO_L23P_T3_16|4|1968504|22000000|-45000000|4
E22|IO_L22P_T3_16|4|1968504|22000000|-43000000|4
F13|IO_L1P_T0_16|4|1968504|22000000|-1000000|4
F14|IO_L1N_T0_16|4|1968504|22000000|-2000000|4
F15|IO_0_16|4|1968504|22000000|0|4
F16|IO_L2P_T0_16|4|1968504|22000000|-3000000|4
F18|IO_L15P_T2_DQS_16|4|1968504|22000000|-29000000|4
F19|IO_L18P_T2_16|4|1968504|22000000|-35000000|4
F20|IO_L18N_T2_16|4|1968504|22000000|-36000000|4
F21|IO_25_16|4|1968504|22000000|-49000000|4
G21|IO_L24P_T3_16|4|1968504|22000000|-47000000|4
G22|IO_L24N_T3_16|4|1968504|22000000|-48000000|4
G13|IO_L1N_T0_AD0N_15|3|1968504|22000000|-2000000|4
G15|IO_L2P_T0_AD8P_15|3|1968504|22000000|-3000000|4
G16|IO_L2N_T0_AD8N_15|3|1968504|22000000|-4000000|4
G17|IO_L4P_T0_15|3|1968504|22000000|-7000000|4
G18|IO_L4N_T0_15|3|1968504|22000000|-8000000|4
G20|IO_L8N_T1_AD10N_15|3|1968504|22000000|-16000000|4
H13|IO_L1P_T0_AD0P_15|3|1968504|22000000|-1000000|4
H14|IO_L3N_T0_DQS_AD1N_15|3|1968504|22000000|-6000000|4
H15|IO_L5N_T0_AD9N_15|3|1968504|22000000|-10000000|4
H17|IO_L6P_T0_15|3|1968504|22000000|-11000000|4
H18|IO_L6N_T0_VREF_15|3|1968504|22000000|-12000000|4
H19|IO_L12N_T1_MRCC_15|3|1968504|22000000|-24000000|4
H20|IO_L8P_T1_AD10P_15|3|1968504|22000000|-15000000|4
H22|IO_L7N_T1_AD2N_15|3|1968504|22000000|-14000000|4
J14|IO_L3P_T0_DQS_AD1P_15|3|1968504|22000000|-5000000|4
J15|IO_L5P_T0_AD9P_15|3|1968504|22000000|-9000000|4
J16|IO_0_15|3|1968504|22000000|0|4
J17|IO_L21N_T3_DQS_A18_15|3|1968504|22000000|-42000000|4
J19|IO_L12P_T1_MRCC_15|3|1968504|22000000|-23000000|4
J20|IO_L11P_T1_SRCC_15|3|1968504|22000000|-21000000|4
J21|IO_L11N_T1_SRCC_15|3|1968504|22000000|-22000000|4
J22|IO_L7P_T1_AD2P_15|3|1968504|22000000|-13000000|4
K13|IO_L19P_T3_A22_15|3|1968504|22000000|-37000000|4
K14|IO_L19N_T3_A21_VREF_15|3|1968504|22000000|-38000000|4
K16|IO_L23N_T3_FWE_B_15|3|1968504|22000000|-46000000|4
K17|IO_L21P_T3_DQS_15|3|1968504|22000000|-41000000|4
K18|IO_L13P_T2_MRCC_15|3|1968504|22000000|-25000000|4
K19|IO_L13N_T2_MRCC_15|3|1968504|22000000|-26000000|4
K21|IO_L9P_T1_DQS_AD3P_15|3|1968504|22000000|-17000000|4
K22|IO_L9N_T1_DQS_AD3N_15|3|1968504|22000000|-18000000|4
L13|IO_L20N_T3_A19_15|3|1968504|22000000|-40000000|4
L14|IO_L22P_T3_A17_15|3|1968504|22000000|-43000000|4
L15|IO_L22N_T3_A16_15|3|1968504|22000000|-44000000|4
L16|IO_L23P_T3_FOE_B_15|3|1968504|22000000|-45000000|4
L18|IO_L16N_T2_A27_15|3|1968504|22000000|-32000000|4
L19|IO_L14P_T2_SRCC_15|3|1968504|22000000|-27000000|4
L20|IO_L14N_T2_SRCC_15|3|1968504|22000000|-28000000|4
L21|IO_L10N_T1_AD11N_15|3|1968504|22000000|-20000000|4
M13|IO_L20P_T3_A20_15|3|1968504|22000000|-39000000|4
M15|IO_L24P_T3_RS1_15|3|1968504|22000000|-47000000|4
M16|IO_L24N_T3_RS0_15|3|1968504|22000000|-48000000|4
M17|IO_25_15|3|1968504|22000000|-49000000|4
M18|IO_L16P_T2_A28_15|3|1968504|22000000|-31000000|4
M20|IO_L18N_T2_A23_15|3|1968504|22000000|-36000000|4
M21|IO_L10P_T1_AD11P_15|3|1968504|22000000|-19000000|4
M22|IO_L15N_T2_DQS_ADV_B_15|3|1968504|22000000|-30000000|4
N18|IO_L17P_T2_A26_15|3|1968504|22000000|-33000000|4
N19|IO_L17N_T2_A25_15|3|1968504|22000000|-34000000|4
N20|IO_L18P_T2_A24_15|3|1968504|22000000|-35000000|4
N22|IO_L15P_T2_DQS_15|3|1968504|22000000|-29000000|4
N13|IO_L23P_T3_A03_D19_14|2|1968504|22000000|-45000000|4
N14|IO_L23N_T3_A02_D18_14|2|1968504|22000000|-46000000|4
N15|IO_25_14|2|1968504|22000000|-49000000|4
N17|IO_L21P_T3_DQS_14|2|1968504|22000000|-41000000|4
P14|IO_L19P_T3_A10_D26_14|2|1968504|22000000|-37000000|4
P15|IO_L22P_T3_A05_D21_14|2|1968504|22000000|-43000000|4
P16|IO_L24P_T3_A01_D17_14|2|1968504|22000000|-47000000|4
P17|IO_L21N_T3_DQS_A06_D22_14|2|1968504|22000000|-42000000|4
P19|IO_L5P_T0_D06_14|2|1968504|22000000|-9000000|4
P20|IO_0_14|2|1968504|22000000|0|4
P21|IO_L2P_T0_D02_14|2|1968504|22000000|-3000000|4
P22|IO_L1P_T0_D00_MOSI_14|2|1968504|22000000|-1000000|4
R14|IO_L19N_T3_A09_D25_VREF_14|2|1968504|22000000|-38000000|4
R16|IO_L22N_T3_A04_D20_14|2|1968504|22000000|-44000000|4
R17|IO_L24N_T3_A00_D16_14|2|1968504|22000000|-48000000|4
R18|IO_L20P_T3_A08_D24_14|2|1968504|22000000|-39000000|4
R19|IO_L5N_T0_D07_14|2|1968504|22000000|-10000000|4
R21|IO_L2N_T0_D03_14|2|1968504|22000000|-4000000|4
R22|IO_L1N_T0_D01_DIN_14|2|1968504|22000000|-2000000|4
T18|IO_L20N_T3_A07_D23_14|2|1968504|22000000|-40000000|4
T19|IO_L6P_T0_FCS_B_14|2|1968504|22000000|-11000000|4
T20|IO_L6N_T0_D08_VREF_14|2|1968504|22000000|-12000000|4
T21|IO_L4P_T0_D04_14|2|1968504|22000000|-7000000|4
U17|IO_L18P_T2_A12_D28_14|2|1968504|22000000|-35000000|4
U18|IO_L18N_T2_A11_D27_14|2|1968504|22000000|-36000000|4
U20|IO_L11P_T1_SRCC_14|2|1968504|22000000|-21000000|4
U21|IO_L4N_T0_D05_14|2|1968504|22000000|-8000000|4
U22|IO_L3P_T0_DQS_PUDC_B_14|2|1968504|22000000|-5000000|4
V17|IO_L16P_T2_CSI_B_14|2|1968504|22000000|-31000000|4
V18|IO_L14P_T2_SRCC_14|2|1968504|22000000|-27000000|4
V19|IO_L14N_T2_SRCC_14|2|1968504|22000000|-28000000|4
V20|IO_L11N_T1_SRCC_14|2|1968504|22000000|-22000000|4
V22|IO_L3N_T0_DQS_EMCCLK_14|2|1968504|22000000|-6000000|4
W17|IO_L16N_T2_A15_D31_14|2|1968504|22000000|-32000000|4
W19|IO_L12P_T1_MRCC_14|2|1968504|22000000|-23000000|4
W20|IO_L12N_T1_MRCC_14|2|1968504|22000000|-24000000|4
W21|IO_L7P_T1_D09_14|2|1968504|22000000|-13000000|4
W22|IO_L7N_T1_D10_14|2|1968504|22000000|-14000000|4
Y18|IO_L13P_T2_MRCC_14|2|1968504|22000000|-25000000|4
Y19|IO_L13N_T2_MRCC_14|2|1968504|22000000|-26000000|4
Y21|IO_L9P_T1_DQS_14|2|1968504|22000000|-17000000|4
Y22|IO_L9N_T1_DQS_D13_14|2|1968504|22000000|-18000000|4
AA18|IO_L17P_T2_A14_D30_14|2|1968504|22000000|-33000000|4
AA19|IO_L15P_T2_DQS_RDWR_B_14|2|1968504|22000000|-29000000|4
AA20|IO_L8P_T1_D11_14|2|1968504|22000000|-15000000|4
AA21|IO_L8N_T1_D12_14|2|1968504|22000000|-16000000|4
AB18|IO_L17N_T2_A13_D29_14|2|1968504|22000000|-34000000|4
AB20|IO_L15N_T2_DQS_DOUT_CSO_B_14|2|1968504|22000000|-30000000|4
AB21|IO_L10P_T1_D14_14|2|1968504|22000000|-19000000|4
AB22|IO_L10N_T1_D15_14|2|1968504|22000000|-20000000|4
N9|DXN_0|1|1968504|0|-2000000|4
N10|DXP_0|1|1968504|0|-1000000|4
M10|VREFP_0|1|1968504|0|-4000000|4
L10|VP_0|1|1968504|0|-7000000|4
M9|VN_0|1|1968504|0|-8000000|4
L9|VREFN_0|1|1968504|0|-5000000|4
K9|GNDADC_0|1|1968504|0|-11000000|4
K10|VCCADC_0|1|1968504|0|-10000000|4
E12|VCCBATT_0|1|1968504|0|-13000000|4
G11|DONE_0|1|1968504|22000000|-8000000|4
L12|CCLK_0|1|1968504|22000000|-15000000|4
N12|PROGRAM_B_0|1|1968504|22000000|-6000000|4
R13|TDI_0|1|1968504|22000000|-2000000|4
T13|TMS_0|1|1968504|22000000|0|4
U8|CFGBVS_0|1|1968504|22000000|-7000000|4
U9|M2_0|1|1968504|22000000|-12000000|4
U10|M1_0|1|1968504|22000000|-11000000|4
U11|M0_0|1|1968504|22000000|-10000000|4
U12|INIT_B_0|1|1968504|22000000|-5000000|4
U13|TDO_0|1|1968504|22000000|-3000000|4
V12|TCK_0|1|1968504|22000000|-1000000|4
