3=1,0,-2362205,2,7
9=1,0,-4724409,2,7
40=1,0,-7086614,2,7
6=1,0,-9448819,2,7
41=1,0,-11811024,2,7
15=1,0,-14173228,2,7
21=1,0,-16535433,2,7
37=1,0,-18897638,2,7
28=1,22834646,-2362205,0,7
36=1,22834646,-4724409,0,7
44=1,22834646,-7086614,0,7
45=1,22834646,-9448819,0,7
48=1,22834646,-11811024,0,7
47=1,22834646,-14173228,0,7
49=1,22834646,-16535433,0,7
22=2,0,-2362205,2,7
23=2,0,-4724409,2,7
24=2,0,-7086614,2,7
25=2,0,-9448819,2,7
26=2,0,-11811024,2,7
27=2,0,-14173228,2,7
19=2,25984252,-2362205,0,7
13=2,25984252,-4724409,0,7
14=2,25984252,-7086614,0,7
16=2,25984252,-9448819,0,7
17=2,25984252,-11811024,0,7
18=2,25984252,-14173228,0,7
30=3,0,-2362205,2,7
31=3,0,-4724409,2,7
29=3,0,-7086614,2,7
38=3,0,-9448819,2,7
20=3,28346457,-2362205,0,7
33=3,28346457,-4724409,0,7
34=3,28346457,-7086614,0,7
35=3,28346457,-9448819,0,7
32=3,28346457,-11811024,0,7
12=3,28346457,-14173228,0,7
42=4,0,-2362205,2,7
39=4,0,-4724409,2,7
43=4,21259843,-2362205,0,7
46=4,21259843,-4724409,0,7
1=5,0,-2362205,2,7
4=5,0,-4724409,2,7
7=5,0,-7086614,2,7
10=5,0,-9448819,2,7
2=5,21259843,-2362205,0,7
5=5,21259843,-4724409,0,7
8=5,21259843,-7086614,0,7
11=5,21259843,-9448819,0,7