N10=1,0,-1968504,2
N9=1,0,-3149606,2
M10=1,0,-4330709,2
L9=1,0,-5511811,2
L10=1,0,-6692913,2
M9=1,0,-7874016,2
K10=1,0,-9055118,2
K9=1,0,-10236220,2
E12=1,0,-11417323,2
T13=1,39370079,-1968504,0
V12=1,39370079,-3149606,0
R13=1,39370079,-4330709,0
U13=1,39370079,-5511811,0
U12=1,39370079,-6692913,0
N12=1,39370079,-7874016,0
U8=1,39370079,-9055118,0
G11=1,39370079,-10236220,0
U11=1,39370079,-11417323,0
U10=1,39370079,-12598425,0
U9=1,39370079,-13779528,0
L12=1,39370079,-14960630,0
P20=2,31496063,-1968504,0
P22=2,31496063,-3149606,0
R22=2,31496063,-4330709,0
P21=2,31496063,-5511811,0
R21=2,31496063,-6692913,0
U22=2,31496063,-7874016,0
V22=2,31496063,-9055118,0
T21=2,31496063,-10236220,0
U21=2,31496063,-11417323,0
P19=2,31496063,-12598425,0
R19=2,31496063,-13779528,0
T19=2,31496063,-14960630,0
T20=2,31496063,-16141732,0
W21=2,31496063,-17322835,0
W22=2,31496063,-18503937,0
AA20=2,31496063,-19685039,0
AA21=2,31496063,-20866142,0
Y21=2,31496063,-22047244,0
Y22=2,31496063,-23228346,0
AB21=2,31496063,-24409449,0
AB22=2,31496063,-25590551,0
U20=2,31496063,-26771654,0
V20=2,31496063,-27952756,0
W19=2,31496063,-29133858,0
W20=2,31496063,-30314961,0
Y18=2,31496063,-31496063,0
Y19=2,31496063,-32677165,0
V18=2,31496063,-33858268,0
V19=2,31496063,-35039370,0
AA19=2,31496063,-36220472,0
AB20=2,31496063,-37401575,0
V17=2,31496063,-38582677,0
W17=2,31496063,-39763780,0
AA18=2,31496063,-40944882,0
AB18=2,31496063,-42125984,0
U17=2,31496063,-43307087,0
U18=2,31496063,-44488189,0
P14=2,31496063,-45669291,0
R14=2,31496063,-46850394,0
R18=2,31496063,-48031496,0
T18=2,31496063,-49212598,0
N17=2,31496063,-50393701,0
P17=2,31496063,-51574803,0
P15=2,31496063,-52755906,0
R16=2,31496063,-53937008,0
N13=2,31496063,-55118110,0
N14=2,31496063,-56299213,0
P16=2,31496063,-57480315,0
R17=2,31496063,-58661417,0
N15=2,31496063,-59842520,0
J16=3,31496063,-1968504,0
H13=3,31496063,-3149606,0
G13=3,31496063,-4330709,0
G15=3,31496063,-5511811,0
G16=3,31496063,-6692913,0
J14=3,31496063,-7874016,0
H14=3,31496063,-9055118,0
G17=3,31496063,-10236220,0
G18=3,31496063,-11417323,0
J15=3,31496063,-12598425,0
H15=3,31496063,-13779528,0
H17=3,31496063,-14960630,0
H18=3,31496063,-16141732,0
J22=3,31496063,-17322835,0
H22=3,31496063,-18503937,0
H20=3,31496063,-19685039,0
G20=3,31496063,-20866142,0
K21=3,31496063,-22047244,0
K22=3,31496063,-23228346,0
M21=3,31496063,-24409449,0
L21=3,31496063,-25590551,0
J20=3,31496063,-26771654,0
J21=3,31496063,-27952756,0
J19=3,31496063,-29133858,0
H19=3,31496063,-30314961,0
K18=3,31496063,-31496063,0
K19=3,31496063,-32677165,0
L19=3,31496063,-33858268,0
L20=3,31496063,-35039370,0
N22=3,31496063,-36220472,0
M22=3,31496063,-37401575,0
M18=3,31496063,-38582677,0
L18=3,31496063,-39763780,0
N18=3,31496063,-40944882,0
N19=3,31496063,-42125984,0
N20=3,31496063,-43307087,0
M20=3,31496063,-44488189,0
K13=3,31496063,-45669291,0
K14=3,31496063,-46850394,0
M13=3,31496063,-48031496,0
L13=3,31496063,-49212598,0
K17=3,31496063,-50393701,0
J17=3,31496063,-51574803,0
L14=3,31496063,-52755906,0
L15=3,31496063,-53937008,0
L16=3,31496063,-55118110,0
K16=3,31496063,-56299213,0
M15=3,31496063,-57480315,0
M16=3,31496063,-58661417,0
M17=3,31496063,-59842520,0
F15=4,31496063,-1968504,0
F13=4,31496063,-3149606,0
F14=4,31496063,-4330709,0
F16=4,31496063,-5511811,0
E17=4,31496063,-6692913,0
C14=4,31496063,-7874016,0
C15=4,31496063,-9055118,0
E13=4,31496063,-10236220,0
E14=4,31496063,-11417323,0
E16=4,31496063,-12598425,0
D16=4,31496063,-13779528,0
D14=4,31496063,-14960630,0
D15=4,31496063,-16141732,0
B15=4,31496063,-17322835,0
B16=4,31496063,-18503937,0
C13=4,31496063,-19685039,0
B13=4,31496063,-20866142,0
A15=4,31496063,-22047244,0
A16=4,31496063,-23228346,0
A13=4,31496063,-24409449,0
A14=4,31496063,-25590551,0
B17=4,31496063,-26771654,0
B18=4,31496063,-27952756,0
D17=4,31496063,-29133858,0
C17=4,31496063,-30314961,0
C18=4,31496063,-31496063,0
C19=4,31496063,-32677165,0
E19=4,31496063,-33858268,0
D19=4,31496063,-35039370,0
F18=4,31496063,-36220472,0
E18=4,31496063,-37401575,0
B20=4,31496063,-38582677,0
A20=4,31496063,-39763780,0
A18=4,31496063,-40944882,0
A19=4,31496063,-42125984,0
F19=4,31496063,-43307087,0
F20=4,31496063,-44488189,0
D20=4,31496063,-45669291,0
C20=4,31496063,-46850394,0
C22=4,31496063,-48031496,0
B22=4,31496063,-49212598,0
B21=4,31496063,-50393701,0
A21=4,31496063,-51574803,0
E22=4,31496063,-52755906,0
D22=4,31496063,-53937008,0
E21=4,31496063,-55118110,0
D21=4,31496063,-56299213,0
G21=4,31496063,-57480315,0
G22=4,31496063,-58661417,0
F21=4,31496063,-59842520,0
T3=5,31496063,-1968504,0
T1=5,31496063,-3149606,0
U1=5,31496063,-4330709,0
U2=5,31496063,-5511811,0
V2=5,31496063,-6692913,0
R3=5,31496063,-7874016,0
R2=5,31496063,-9055118,0
W2=5,31496063,-10236220,0
Y2=5,31496063,-11417323,0
W1=5,31496063,-12598425,0
Y1=5,31496063,-13779528,0
U3=5,31496063,-14960630,0
V3=5,31496063,-16141732,0
AA1=5,31496063,-17322835,0
AB1=5,31496063,-18503937,0
AB3=5,31496063,-19685039,0
AB2=5,31496063,-20866142,0
Y3=5,31496063,-22047244,0
AA3=5,31496063,-23228346,0
AA5=5,31496063,-24409449,0
AB5=5,31496063,-25590551,0
Y4=5,31496063,-26771654,0
AA4=5,31496063,-27952756,0
V4=5,31496063,-29133858,0
W4=5,31496063,-30314961,0
R4=5,31496063,-31496063,0
T4=5,31496063,-32677165,0
T5=5,31496063,-33858268,0
U5=5,31496063,-35039370,0
W6=5,31496063,-36220472,0
W5=5,31496063,-37401575,0
U6=5,31496063,-38582677,0
V5=5,31496063,-39763780,0
R6=5,31496063,-40944882,0
T6=5,31496063,-42125984,0
Y6=5,31496063,-43307087,0
AA6=5,31496063,-44488189,0
V7=5,31496063,-45669291,0
W7=5,31496063,-46850394,0
AB7=5,31496063,-48031496,0
AB6=5,31496063,-49212598,0
V9=5,31496063,-50393701,0
V8=5,31496063,-51574803,0
AA8=5,31496063,-52755906,0
AB8=5,31496063,-53937008,0
Y8=5,31496063,-55118110,0
Y7=5,31496063,-56299213,0
W9=5,31496063,-57480315,0
Y9=5,31496063,-58661417,0
U7=5,31496063,-59842520,0
F4=6,31496063,-1968504,0
B1=6,31496063,-3149606,0
A1=6,31496063,-4330709,0
C2=6,31496063,-5511811,0
B2=6,31496063,-6692913,0
E1=6,31496063,-7874016,0
D1=6,31496063,-9055118,0
E2=6,31496063,-10236220,0
D2=6,31496063,-11417323,0
G1=6,31496063,-12598425,0
F1=6,31496063,-13779528,0
F3=6,31496063,-14960630,0
E3=6,31496063,-16141732,0
K1=6,31496063,-17322835,0
J1=6,31496063,-18503937,0
H2=6,31496063,-19685039,0
G2=6,31496063,-20866142,0
K2=6,31496063,-22047244,0
J2=6,31496063,-23228346,0
J5=6,31496063,-24409449,0
H5=6,31496063,-25590551,0
H3=6,31496063,-26771654,0
G3=6,31496063,-27952756,0
H4=6,31496063,-29133858,0
G4=6,31496063,-30314961,0
K4=6,31496063,-31496063,0
J4=6,31496063,-32677165,0
L3=6,31496063,-33858268,0
K3=6,31496063,-35039370,0
M1=6,31496063,-36220472,0
L1=6,31496063,-37401575,0
M3=6,31496063,-38582677,0
M2=6,31496063,-39763780,0
K6=6,31496063,-40944882,0
J6=6,31496063,-42125984,0
L5=6,31496063,-43307087,0
L4=6,31496063,-44488189,0
N4=6,31496063,-45669291,0
N3=6,31496063,-46850394,0
R1=6,31496063,-48031496,0
P1=6,31496063,-49212598,0
P5=6,31496063,-50393701,0
P4=6,31496063,-51574803,0
P2=6,31496063,-52755906,0
N2=6,31496063,-53937008,0
M6=6,31496063,-55118110,0
M5=6,31496063,-56299213,0
P6=6,31496063,-57480315,0
N5=6,31496063,-58661417,0
L6=6,31496063,-59842520,0
E8=7,0,-1968504,2
F9=7,0,-3149606,2
F7=7,0,-4330709,2
D10=7,0,-5511811,2
D6=7,0,-6692913,2
C8=7,0,-7874016,2
C4=7,0,-9055118,2
B11=7,0,-10236220,2
B9=7,0,-11417323,2
B7=7,0,-12598425,2
B5=7,0,-13779528,2
F8=7,0,-14960630,2
F6=7,39370079,-1968504,0
E6=7,39370079,-3149606,0
B4=7,39370079,-4330709,0
A4=7,39370079,-5511811,0
B8=7,39370079,-6692913,0
A8=7,39370079,-7874016,0
D5=7,39370079,-9055118,0
C5=7,39370079,-10236220,0
D11=7,39370079,-11417323,0
C11=7,39370079,-12598425,0
B6=7,39370079,-13779528,0
A6=7,39370079,-14960630,0
B10=7,39370079,-16141732,0
A10=7,39370079,-17322835,0
D7=7,39370079,-18503937,0
C7=7,39370079,-19685039,0
D9=7,39370079,-20866142,0
C9=7,39370079,-22047244,0
F10=7,39370079,-23228346,0
E10=7,39370079,-24409449,0
Y15=8,0,-1968504,2
Y5=8,0,-3149606,2
W18=8,0,-4330709,2
W8=8,0,-5511811,2
V21=8,0,-6692913,2
V11=8,0,-7874016,2
V1=8,0,-9055118,2
U14=8,0,-10236220,2
U4=8,0,-11417323,2
T17=8,0,-12598425,2
T11=8,0,-13779528,2
T9=8,0,-14960630,2
T7=8,0,-16141732,2
R20=8,0,-17322835,2
R12=8,0,-18503937,2
R10=8,0,-19685039,2
R8=8,0,-20866142,2
P13=8,0,-22047244,2
P11=8,0,-23228346,2
P9=8,0,-24409449,2
P7=8,0,-25590551,2
P3=8,0,-26771654,2
N16=8,0,-27952756,2
N8=8,0,-29133858,2
N6=8,0,-30314961,2
M19=8,0,-31496063,2
M11=8,0,-32677165,2
M7=8,0,-33858268,2
L22=8,0,-35039370,2
L8=8,0,-36220472,2
L2=8,0,-37401575,2
K15=8,0,-38582677,2
K11=8,0,-39763780,2
K7=8,0,-40944882,2
K5=8,0,-42125984,2
J18=8,0,-43307087,2
J12=8,0,-44488189,2
J10=8,0,-45669291,2
J8=8,0,-46850394,2
H21=8,0,-48031496,2
H11=8,0,-49212598,2
H9=8,0,-50393701,2
H7=8,0,-51574803,2
D8=8,23622047,-1968504,0
A2=8,23622047,-3149606,0
A3=8,23622047,-4330709,0
A5=8,23622047,-5511811,0
A7=8,23622047,-6692913,0
A9=8,23622047,-7874016,0
A11=8,23622047,-9055118,0
A12=8,23622047,-10236220,0
A22=8,23622047,-11417323,0
AA2=8,23622047,-12598425,0
AA12=8,23622047,-13779528,0
AA22=8,23622047,-14960630,0
AB9=8,23622047,-16141732,0
AB19=8,23622047,-17322835,0
B3=8,23622047,-18503937,0
B12=8,23622047,-19685039,0
B19=8,23622047,-20866142,0
C3=8,23622047,-22047244,0
C6=8,23622047,-23228346,0
C10=8,23622047,-24409449,0
C12=8,23622047,-25590551,0
C16=8,23622047,-26771654,0
D3=8,23622047,-27952756,0
D4=8,23622047,-29133858,0
D12=8,23622047,-30314961,0
D13=8,23622047,-31496063,0
E4=8,23622047,-32677165,0
E5=8,23622047,-33858268,0
E7=8,23622047,-35039370,0
E9=8,23622047,-36220472,0
E11=8,23622047,-37401575,0
E20=8,23622047,-38582677,0
F5=8,23622047,-39763780,0
F11=8,23622047,-40944882,0
F17=8,23622047,-42125984,0
G5=8,23622047,-43307087,0
G6=8,23622047,-44488189,0
G7=8,23622047,-45669291,0
G8=8,23622047,-46850394,0
G9=8,23622047,-48031496,0
G10=8,23622047,-49212598,0
G12=8,23622047,-50393701,0
G14=8,23622047,-51574803,0
H1=8,23622047,-52755906,0
H8=9,0,-1968504,2
H10=9,0,-3149606,2
J7=9,0,-4330709,2
J9=9,0,-5511811,2
K8=9,0,-6692913,2
L7=9,0,-7874016,2
M8=9,0,-9055118,2
N7=9,0,-10236220,2
P8=9,0,-11417323,2
P10=9,0,-12598425,2
R7=9,0,-13779528,2
R9=9,0,-14960630,2
T8=9,0,-16141732,2
T10=9,0,-17322835,2
H12=9,0,-18503937,2
K12=9,0,-19685039,2
M12=9,0,-20866142,2
P12=9,0,-22047244,2
R11=9,0,-23228346,2
N11=9,0,-24409449,2
L11=9,0,-25590551,2
J11=9,0,-26771654,2
F12=9,0,-27952756,2
T12=9,0,-29133858,2
N1=9,0,-30314961,2
M4=9,0,-31496063,2
J3=9,0,-32677165,2
H6=9,0,-33858268,2
F2=9,0,-35039370,2
C1=9,0,-36220472,2
AA17=9,23622047,-1968504,0
AB14=9,23622047,-3149606,0
V16=9,23622047,-4330709,0
W13=9,23622047,-5511811,0
Y10=9,23622047,-6692913,0
M14=9,23622047,-7874016,0
P18=9,23622047,-9055118,0
R15=9,23622047,-10236220,0
T22=9,23622047,-11417323,0
U19=9,23622047,-12598425,0
Y20=9,23622047,-13779528,0
G19=9,23622047,-14960630,0
H16=9,23622047,-16141732,0
J13=9,23622047,-17322835,0
K20=9,23622047,-18503937,0
L17=9,23622047,-19685039,0
N21=9,23622047,-20866142,0
A17=9,23622047,-22047244,0
B14=9,23622047,-23228346,0
C21=9,23622047,-24409449,0
D18=9,23622047,-25590551,0
E15=9,23622047,-26771654,0
F22=9,23622047,-27952756,0
AA7=9,23622047,-29133858,0
AB4=9,23622047,-30314961,0
R5=9,23622047,-31496063,0
T2=9,23622047,-32677165,0
V6=9,23622047,-33858268,0
W3=9,23622047,-35039370,0
Y13=10,0,-1968504,2
Y14=10,0,-3149606,2
Y16=10,0,-4330709,2
Y17=10,0,-5511811,2
AA9=10,0,-6692913,2
AA10=10,0,-7874016,2
AA11=10,0,-9055118,2
AA13=10,0,-10236220,2
AA14=10,0,-11417323,2
AA15=10,0,-12598425,2
AA16=10,0,-13779528,2
AB10=10,0,-14960630,2
AB11=10,0,-16141732,2
AB12=10,0,-17322835,2
AB13=10,0,-18503937,2
AB15=10,0,-19685039,2
AB16=10,0,-20866142,2
AB17=10,0,-22047244,2
T14=10,23622047,-1968504,0
T15=10,23622047,-3149606,0
T16=10,23622047,-4330709,0
U15=10,23622047,-5511811,0
U16=10,23622047,-6692913,0
V10=10,23622047,-7874016,0
V13=10,23622047,-9055118,0
V14=10,23622047,-10236220,0
V15=10,23622047,-11417323,0
W10=10,23622047,-12598425,0
W11=10,23622047,-13779528,0
W12=10,23622047,-14960630,0
W14=10,23622047,-16141732,0
W15=10,23622047,-17322835,0
W16=10,23622047,-18503937,0
Y11=10,23622047,-19685039,0
Y12=10,23622047,-20866142,0